      2/24     0.21G   0.02648   0.01384  0.002095   0.01056   0.05297        52       320    0.8144    0.9754    0.9696    0.7664   0.01402  0.009045  0.001081
      3/24    0.233G   0.02725   0.01492   0.00232   0.01035   0.05483        57       448    0.8043    0.9774    0.9665    0.7881   0.01299  0.008623  0.001035
      4/24    0.214G   0.02612   0.01455  0.002104  0.009864   0.05264        54       352    0.8147    0.9866    0.9713    0.7972   0.01212  0.008188 0.0009355
      5/24    0.442G   0.02584   0.01458  0.002178  0.009781   0.05238        50       800    0.8293    0.9838    0.9706    0.7986   0.01182  0.008246 0.0009774
      6/24    0.331G   0.02532    0.0143  0.001945  0.009498   0.05107        41       704    0.8246    0.9861    0.9748    0.7958   0.01219  0.008212  0.000916
      7/24    0.266G   0.02489   0.01403  0.001886  0.009267   0.05007        51       608    0.8527    0.9839    0.9752    0.8294   0.01089   0.00785 0.0008527
      8/24    0.814G   0.02494   0.01392  0.001923  0.009368   0.05015        61       928    0.8223    0.9879    0.9741    0.8259   0.01073  0.007757 0.0008522
      9/24    0.279G   0.02478   0.01461  0.001893  0.009209   0.05049        53       576    0.8409    0.9822    0.9719    0.8227   0.01083  0.007993 0.0008837
     10/24    0.807G    0.0244   0.01407  0.001812   0.00896   0.04924        44       960    0.8432     0.989    0.9766      0.84   0.01021  0.007631 0.0007929
     11/24    0.604G   0.02364   0.01373  0.001919  0.008666   0.04795        49       896    0.8496    0.9861    0.9767    0.8311   0.01057  0.007649 0.0007745
     12/24     9.38G   0.02442   0.01402  0.001876  0.008999   0.04932        59       448    0.8395    0.9879    0.9751    0.8393   0.01008  0.007595 0.0007917
     13/24      9.4G    0.0235   0.01427  0.001682  0.008514   0.04797        78       352    0.8338    0.9892    0.9778    0.8449  0.009869  0.007528 0.0007549
     14/24      9.4G   0.02322   0.01402  0.001722  0.008399   0.04735        42       608    0.8348      0.99    0.9776     0.849  0.009682  0.007356 0.0007071
     15/24    0.327G   0.02292   0.01318  0.001677  0.008315   0.04609        55       512    0.8421    0.9895    0.9785     0.853  0.009452  0.007306 0.0006938
     16/24     10.2G   0.02273    0.0131  0.001593  0.008114   0.04554        60       704    0.8345    0.9906    0.9786    0.8561  0.009328  0.007208 0.0007062
     17/24    0.554G    0.0222   0.01322  0.001551   0.00782   0.04479        52       832      0.85    0.9896     0.979    0.8583  0.009229  0.007163 0.0006881
     18/24    0.231G   0.02209   0.01335  0.001465   0.00776   0.04467        54       384    0.8442      0.99    0.9791    0.8601  0.009193  0.007123 0.0006583
     19/24     8.92G   0.02176   0.01334    0.0015  0.007635   0.04424        56       800    0.8427    0.9896    0.9798    0.8615  0.009085  0.007104 0.0006506
     20/24     8.92G   0.02159   0.01218  0.001435  0.007617   0.04282        56       960    0.8419      0.99    0.9795    0.8613  0.009089  0.007066 0.0006439
     21/24     8.92G    0.0213   0.01325  0.001459  0.007389    0.0434        69       800    0.8445    0.9901      0.98    0.8626  0.009004  0.007074 0.0006393
     22/24    0.522G   0.02085   0.01228  0.001302  0.007385   0.04181        51       864    0.8434    0.9904    0.9804     0.865  0.008907  0.007036 0.0006253
     23/24     8.59G   0.02099   0.01279  0.001328  0.007341   0.04246        73       576    0.8439    0.9907    0.9805    0.8648   0.00887  0.006981 0.0006187
     24/24     9.83G    0.0208   0.01256  0.001341  0.007313   0.04202        62       384    0.8447    0.9909    0.9804    0.8648  0.008867  0.006969 0.0006108
